#c:\Users\Matin\Documents\TMLN\venv\Lib\site-packages\ipykernel_launcher.py --f=c:\Users\Matin\AppData\Roaming\jupyter\runtime\kernel-v368ec88437f14a79eabfde95891908be3456afb8b.json
# GMT Wed Jun  4 10:51:13 2025
# 
0 1 2 3 4 5 6 7 11 24 29 32 34 45 49 69 70 116 130 131 143 174 179 182
1 6 8 9 20 26 31 36 42 50 52 53 57 78 97 100 104 127 153 175 186
2 3 4 7 8 12 25 28 35 36 47 62 74 91 118 122 135 139 198
3 5 15 30 139 169
4
5 65 83 151 165
6 13 19 22 26 29 44 76 90 94 111 123 129 177 190
7 9 10 14 15 16 17 22 23 27 30 33 37 58 80 82 93 101 108 138 141 142 144 196
8 10 18 31 33 38 46 71 72 80 82 86 89 95 112 129 157 159 187 199
9 14 17 20 21 27 42 48 85 105 109 115 119 121 137 144 158 181
10 11 16 34 41 61 65 120 183 191
11 12 28 40 54 91 109 136 150
12 13 19 21 24 38 43 47 51 77 96 169 171 185
13 18 76 84 128
14 25 125 127 128
15 23 32 35 39 46 48 78 97 98 170
16
17 69 74 134
18 61 87 94 148 151 155 164
19 40 63 71 81 113 149
20
21 90
22 108 140
23
24 51 145
25 37 159 160
26
27 39
28 68 98 147
29
30 59 79 116 117 119 194
31 70 77 89
32 93 103 141
33 45 54
34 134 162
35 56 88 174
36 41 49 50 55 63 67 68 73 75 95 102 115 137 188
37 58 176
38 44 60 62 163 166 199
39 87 106
40 107 192
41
42 43
43 126 167 178
44 110
45 57 67
46 60 66 73 182
47
48 59 79 88 117 121 136 138 194
49 52 55 64 99 101 156 163 196
50 84 111 120 145 153
51 56 81 132
52 53 66 114 191
53
54 75
55
56 86 100 162 171
57 126
58 64 135
59
60
61
62 92 113
63
64 85 92 158
65 72
66 140 143 168 186
67 124
68 155
69 189
70 181
71 96 195
72 83 172
73
74 176
75
76 133
77 112 184
78 152 198
79 102 103
80 147 192
81 105 123 124 146 154
82 149 189
83 131
84 104 106 177
85 146
86
87 107 133 157 161 188
88
89 173
90 165 185 197
91
92 99 110 118
93
94
95
96
97
98 114
99
100 160
101 183
102
103
104
105
106 142 148 154
107 130
108
109 150
110
111
112
113
114 180
115 132
116
117 122 180
118 193 195
119
120
121
122
123 125 175 184
124
125 170
126
127
128 168
129
130 161
131
132
133
134
135
136
137
138
139
140 166
141
142 156 190
143
144
145
146 164
147
148
149 152
150
151 172
152
153 167
154
155
156
157 173
158
159
160
161
162
163 197
164
165
166
167
168
169
170 187
171
172
173
174 179
175
176 178
177
178
179
180
181
182 193
183
184
185
186
187
188
189
190
191
192
193
194
195
196
197
198
199
