#c:\Users\Matin\Documents\TMLN\venv\Lib\site-packages\ipykernel_launcher.py --f=c:\Users\Matin\AppData\Roaming\jupyter\runtime\kernel-v368ec88437f14a79eabfde95891908be3456afb8b.json
# GMT Wed Jun  4 10:53:44 2025
# 
0 28 36 75 98 195 233 266 280 389 404 462 464 914
1 5 32 183 243 322 589 787 931
2 198 201 317 455 525 647 699 771
3 23 115 207 379 420 470 617 844 900
4 95 342 539 555 827 891 902 984
5 10 22 31 191 407 482 618 705 867 970
6 258 313 337 338 367 429 541 616 705 860 993
7 300 313 419 526 710 724 764 768 808 972 977
8 24 121 142 209 223 241 358 443 545 649 892 929
9 150 162 191 224 233 254 266 293 330 400 665 882 904 939
10 158 255 476 508 784 874
11 142 180 200 450 744 795 859
12 87 240 325 399 425 435 552 719 804
13 14 43 67 282 291 382 612 628 715 882
14 144 162 234 254 271 295 304 340 417 438 512 701 721 820 833 881 897 904 948 987
15 157 263 684 739 817 859 868
16 95 98 101 253 298 521 532 729 743 764 846
17 56 64 71 75 124 200 235 315 361 472 551 734 822 925
18 25 35 64 71 77 100 115 177 692 947
19 100 317 321 392 705 825 830 903 975 979 991
20 44 122 142 205 575 616 794 832
21 169 213 441 478 611 686 746 780 832
22 27 37 142 180 402 458 654 661 998
23 278 462 868 964 965
24 58 62 95 145 500 533 551 700 710 758 790 846 943
25 133 296 854
26 42 116 280 452 694
27 46 90 219 543 714 838 921 968
28 197 256 340 378 670 674 679 726 728 730 810 857
29 150 186 391 394 427 535 629 709
30 39 108 166 256 295 301 376 392 566 592 659 686 787 789 899 970 982
31 48 526 572 587 728 795 796 930
32 296 324 362 392 531 708 872 885 901
33 38 151 354 385 685 734 866 893 931
34 38 205 240 455 699 828 949
35 48 190 223 276 285 377 422 537 598 680 706 930 948 998
36 116 147 301 305 416 532 745 752 753 901 926 948
37 82 299 609 633 650 866
38 135 154 163 239 253 324 450 467 478 537 723 741 765 840 842 878 964 981 983
39 92 105 399 593 860 922
40 67 78 152 184 314 478 590 674 682 786
41 114 366 649 785
42 55 56 131 173 263 362 384 402 565 795 850
43 367 393 488 496 515 577 656 709
44 96 127 244 432 552 773 880 947 966
45 149 179 431 668 828
46 56 75 80 226 269 326 382 521 718 726 733 750 820
47 88 466 490 581 963 969
48 136 224 598 726 927 934
49 128 165 187 234 401 498 553 763 815 832 845 890 982
50 461 555 595 719 732 737 888
51 139 258 261 410 483 569 685 739 764 891 999
52 93 166 272 440 471 492 583 947
53 126 226 979
54 106 266 371 404 414 482 688 709 772 809 838 854
55 107 140 445 469 637 654 791 858
56 129 176 305 408 467 599 625 742 776 873
57 87 161 187 195 243 497 622 648 767 917 995
58 84 292 331 374 421 464 625 796 835 863 965 973
59 161 364 400 444 454 501 705 782 859
60 109 230 258 272 289 310 373 526 581 589 596
61 247 345 488 718 950
62 94 128 230 289 469 831 927 978 988
63 249 345 506 677 799 854
64 146 265 290 332 339 348 458 611
65 114 285 303 366 610 637 743 813 868 961 974
66 255 273 358 372 429 564 621 671 789 869 911
67 201 267 290 351 471 791 890 917
68 175 234 254 355 399 706 832 855 964
69 272 278 334 343 408 450 516 615 639 655 689 894
70 89 121 132 133 200 378 450 558 641 699 797 832 845 995 999
71 210 249 332 439 454 520 541 644 686
72 520 665 800 817
73 112 338 429 557 630 697 871 916 923 925
74 76 226 367 398 703 734 768 795 900 956
75 197 266 287 411 504 527 629 803 844 908
76 202 272 361 422 456 479 520 533 562 771 818 831 918
77 134 172 175 190 234 247 254 344 510 589 700 789 813
78 174 211 253 427 483 562 733 786 942
79 187 334 471 517 639 766 773 786 830 880 999
80 86 306 380 421 669 899 961
81 122 125 134 142 229 291 402 404 529 646 650 680 732 741 903 938
82 154 360 603 719 991
83 142 172 210 230 342 447 797 891
84 93 131 270 397 449 552 649 790 810 853 861 904 920 937
85 214 215 357 466 467 633 763 784 957
86 111 147 295 389 424 701 781 926 964
87 201 311 312 360 373 484 643 659 846
88 237 297 422 566 594 671 795 808 926 949
89 150 176 219 263 292 325 374 390 403 599 707 763 776 854 905
90 103 215 272 278 327 611 669 706 782 787 788 882 904
91 312 322 460 471 480 573 619 629 662 720 748
92 140 242 259 348 369 537 544 612 681 989 999
93 134 218 301 337 393 471 474 570 589 828 839 858
94 270 305 431 547 575 597 752 807
95 198 216 288 302 394 510 563 567 751 781 826 887 909 928 942
96 179 513 526 844 934
97 180 197 204 268 332 519 520 722 825 973 980 986
98 141 388 399 581 590 655 673 776 779 792 910 923 978
99 319 444 664 728 753
100 105 251 281 311 421 524 534 642 675 706 720 802 843
101 103 115 117 189 273 355 506 711 834 858 924
102 135 206 240 298 347 409 421 619 953
103 204 581 630 659 718 729 810 848 934 963
104 278 531 656
105 163 194 579 600 606 619 874 941
106 194 321 349 409 438 509 564 638 847 855 949
107 130 153 292 469 582 634 650 718 749 872
108 295 590 709 894 933 934
109 176 296 388 470 574 648 815 967
110 164 206 283 316 346 521 567 601 622 728
111 327 488 598 733 899 901 947
112 202 546 594 802 849 935
113 173 194 310 345 398 426 570 683 870 882 935 995
114 142 234 274 292 305 406 663 950
115 188 234 364 468 580 604 752 948 980
116 244 294 403 404 451 494 684 743 758 807 871
117 175 373 396 432 505 674 719 736 804
118 165 200 551 629 759 848 916 928
119 128 167 196 232 318 368 503 615 682 710 896 920 925
120 174 191 303 315 364 471 530 695 704 712 742 776 806 829 892
121 203 328 394 562 662 676 707 777 866 875 894
122 145 228 337 612 619 666 837 864 909 939
123 273 503 513 518 603 838 891 907
124 128 267 425 473 516 543 678 760 783 983
125 164 192 207 291 417 504 678 720 809 934 944
126 152 222 283 309 383 455 463 535 825
127 133 288 316 394 473 573 583 671 808 826 916 973
128 318 350 360 429 602 618 792 817 961
129 184 249 253 348 395 407 615 842 908 925 947
130 136 171 172 188 435 475 521 587 636 731 819
131 230 418 464 603 632 711 886 894
132 226 432 511 698 813
133 270 549 754 824 891 926 938
134 203 223 298 349 413 633 939
135 220 241 381 566 675 683 689
136 293 486 570 980
137 140 154 196 222 327 479 544 576 774 833
138 139 468 682 707 711 720 749 755 865
139 221 269 821 975
140 184 433 435 437 497 656 720 838 917
141 195 262 284 419 515 627 678
142 151 340 342 910 947
143 158 428 472 530 637 684 722 773
144 561 578 649 684 759 791 974
145 552 726 727 931
146 233 359 406 450 468 500 729 751 771 887
147 215 414 436 469 542 674 682 821 917 955
148 167 180 181 213 239 314 428 526 583 649 715 728 811 956
149 150 176 238 246 252 400 508 523 624
150 222 298 328 337 396 503 517 616 700 706 860 941
151 158 317 353 394 403 419 522 528 598 648 697 725 757 817 856
152 196 312 352 356 883 901 986
153 204 361 396 425 440 577 849 861 882 896
154 197 263 284 356 392 654 846
155 174 298 435 563 645
156 246 443 446 484 503 538 729
157 291 316 344 375 384 531 640 862 899
158 311 548 743 900
159 499 501 612 747 984
160 456 457 668 678 774 853
161 351 436 506 539 700 829 920 946 989
162 570 730 825
163 218 388 553 730
164 202 229 343 772 918
165 256 276 312 372 437 510 567 589 686 755
166 469 605 685 745 756 762 870 985
167 205 336 376 411 430 690 700 878 898
168 297 335 361 379 419 520 577 648
169 205 214 260 325 396 467 489 509 522 581 585 602
170 244 273 527 560 674 811 820 939 978
171 198 387 392 397 465 529 550 687 774 934 940 965
172 412 420 425 426 521 559 737 775 894
173 199 336 459 908
174 196 217 223 251 502 850 877 908 978
175 180 260 792 824 854 915 951
176 192 362 400 480 510 600 967 973
177 191 244 433 499 520 539 654 868 926 929
178 597 653 742 889 918 926
179 240 278 911 957
180 188 329 917
181 204 286 360 376 418 503 524 663 776 785 960
182 200 205 334 379 643 649 699 730 793 833
183 302 395 444 622 734 940
184 188 389 475 485 517 533
185 202 287 489 494 620 677 686 733 848 851 927 999
186 221 481 514 650 661 727 763 912 923 929
187 502 737 972
188 232 278 324 408 424 463 514 622 748 886 909
189 421 428 504 518 520 666 687 729 756 765 825 847 900 973 982
190 267 360 416 434 476 668 702 778 786 815 932
191 234 325 420 960
192 380 479 483 596 604 758 795 857 968
193 379 457 460 558 618 780 834
194 225 279 302 392 431 440 488 572 649 699 739 989 996
195 208 300 390 449 581 699 778 843 904
196 212 286 445 500 618 756 881 894
197 311 456 476 571 572 765 889 925 934
198 322 357 363 409 475 548 734 847 855 879 962
199 375 455 505 539 803 874 993
200 207 410 436 438 536 647 678 997
201 227 473 601 748 820
202 234 235 422 429 480 513 593 928 981
203 247 272 292 327 527 752 793 835 964
204 453 481 712 736 875
205 209 307 747 830
206 210 276 375 406 438 465 682 848 894 962
207 285 546 550 634 651 657 683 725 733 857
208 296 357 399 466 556 843 888 930
209 268 376 600 684 697 732 743 763 819 899 993
210 281 502 920 957
211 240 316 380 596 697 798 860
212 375 442 664 673 708 724 770 771
213 240 288 504 612 640 837 856 899 951 993
214 273 357 422 464 468 495 514 731 793 922
215 308 324 328 374 811 822
216 294 549 585 592 627 700 741
217 328 336 487 626
218 223 269 293 320 326 609 627 682 706 943 972
219 285 368 448 754 810 817 899 980
220 269 729 800 809 856 908
221 416 620 661
222 364 463 471 534 563 567 571 658 663 898
223 229 275 307 310 377 463 465 495 618 690 874 992
224 315 319 321 373 434 631 682 729 785 911 937 965 995
225 278 288 333 423 486 509 768 833
226 238 305 400 428 487 608 805 983
227 293 380 416 421 633 664 754 783 987
228 284 721 969
229 242 294 392 621 717 733 926
230 314 452 717 786 998
231 389 418 507 786 816 838 878
232 403 489 500 550 561 565 599 663 670 760 881 930 941
233 467 499 565 599 608 774 950
234 248 298 328 565 645 669 707 829 949 993
235 266 320 334 363 591 647 682 855 887
236 329 370 391 425 615 764 994
237 294 355 404 434 502 525 548 815
238 340 508 643 702 804 922 981
239 278 328 338 471 503 596 654 786 977
240 288 439 600 809
241 250 387 483 555 830 928 988 990
242 315 422 434 672 701 723 782 907
243 326 430 564 696 845 894 901
244 403 677 936
245 321 386 474 545 567 654 677 779 874 940 944 946 979
246 322 439 672 712 795
247 252 320 322 368 519 527 795
248 312 456 472 547 568 646 753 841 992
249 720 899 959
250 511 625 790 858 876
251 266 364 439 450 456 500 588 669 671 885 990
252 348 354 569 611 643 649 783 868
253 630 684 685 756 840
254 489 528 588 591 663 739
255 481 521 564 700 719 740
256 444 577 596 642 646 664 923 940
257 314 342 441 478 692 705 728 778
258 286 429 571 721
259 333 484 550 633 637 640 656 665 716 767 837 879 883 923
260 383 426 502 565 604 639 842
261 426 475 530 614
262 396 402 545 636 654 657 695 711 754 827 924 940
263 314 387 420 433 530 681 698 722 747 963
264 285 344 375 525 548 586 636 671 859 945
265 278 354 393 441 489 560 698 723 768 795
266 338 360 376 378 499 519 601 672 726 746 903 913 960
267 484 509 571 840 980
268 336 357 361 484 494 531 604 963
269 560 596 648 947
270 718 746 793 854
271 399 521 545 789 890
272 395 430 732 780 822 862 934
273 285 643 672 687 726 797 812 833
274 472 673 719 814 872 894 919 989
275 475 489 604
276 381 390 449 493 645 800 825 839
277 582 624 803 908
278 461 486 538 574 734 816 883 999
279 424 494 524 580 596 711 766 856
280 414 466 520 650 658 783 815
281 351 373 412 445 568 594 596 651 926
282 340 437 476 551 656 727 826 841 969 975
283 359 404 430 480 544 710 981
284 352 817 818 894
285 378 384 389 414 432 518 559 927 993
286 607 632 646 691 719 786 942 961
287 293 537 602 764 812 901 989 991
288 313 357 378 408 594 654 681 726
289 502 549 633 643 789
290 328 398 399 529 588 728 743 788 844 993 994
291 354 454 550 791 920 951
292 297 331 359 362 413 545 588 617 646 724 750 833 837 868 894 971
293 303 356 458 820
294 351 533 534 560 572 631 678 904 917 929
295 441 486 504 584 589 601 946
296 483 686
297 312 398 475 935
298 538 746 981
299 386 457 582 599 744
300 325 352 387 462 694 797 867 874 904 944
301 448 736 999
302 333 446 550 647 656 658 826 827 888 974
303 327 456 467 531 739 772 843 848 864
304 354 371 446 637 675 819
305 551 631 673 876
306 370 633
307 370 406 422 680 694 817 953 984
308 398 474 503 548 853 959 976 990
309 333 382 450 461 473 567 604 781 821 885 938 959
310 378 573 613 830 997
311 378 646 820 853 935 946
312 351 367 511 518 577 902 989
313 337 406 857 887
314 334 349 413 683 720 783 897 991
315 372 653 658 835 937
316 547 575 687 834
317 474 540 620 910
318 321 481 540 584 616 631 732 847 849 855
319 465 494 526 727 777 857 881
320 484 602 617 661 870
321 372 424 602
322 323 563 671 815 957 980
323 332 341 461 660 905 920
324 343 391 531 583 706 781 855 867 921 932
325 382 612 826 892
326 386 630 751 797 799 833 856 871 911 914
327 345 563 579 947 989
328 431 517 558
329 520 629 660 731 754 829 855
330 387 429 526 548 555 591 627 654 796 911 946
331 393 477 520 654 710 767 803 899
332 343 378 613 704 759 909 950 996
333 525 636 699 709 749 899 901 955 974 989
334 588 955
335 448 744 761 843 874 884
336 357 502 507 675 680 818 840 934
337 409 427 517 798 937
338 539 578 657 725 787 837 850 994
339 422 479 482 573 813 899 981
340 370 553 657 737 770 817
341 374 461 478 635 704 768 827 868 880 993
342 392 393 488 711 739 781 878
343 524 854 901 966
344 492 547 727 752 867 897
345 358 592 611 782 858 938
346 539 763 775 824 828 861
347 561 813 820 918
348 429 635 741 787 875 979
349 407 496 540 579 709 827 940 998
350 403 453 471 581 622 662 780 807 841 946 957 963 974
351 435 769 798 835 899
352 360 582 636 699 762 909
353 810 825 951
354 692 722 901
355 537 648 705 806 853 882
356 861 896 945 952
357 432 503 673 740 911 983
358 466 786 846 894 896 974
359 386 459 485 645 974
360 588 599 641 700 734 753 890
361 434 443 480 493 518 538 812
362 490 521 636 669 677 865
363 388 532 651 768 952 974
364 397 616 635 667 670 689 757 803 883 955
365 521 623 854 912
366 475 615 623 653 757 762 843 884 893 901
367 520 527 696 982
368 374 429 496 921
369 379 431 478 604 648 808 874 926
370 386 468 487 506 620 712 862 949 957 988
371 372 564 668 918 952 974
372 565 574 579 726 743 976
373 716 868 905
374 413 514 574 661 729
375 424 489 869 940
376 680 708
377 415
378 547 950
379 421 434 841 965
380 477 555 668 676 680 695 789 868 879
381 395 417 470 486 536 562 572 672 674 720 739 822 933
382 543 705 884
383 530 562 639 681 695 864 868 996
384 403 527 570 639 857 915 932 940
385 565 616 811 826 881
386 546 620 651 673 789 798
387 539 633 707 756 789 947
388 457 539 547 566 571 723 747 775 799 953
389 429 657 679 793 896 924 996
390 456 492 568 851 874 955
391 463 600 728 801
392 518 561 569 576 749 945 981
393 482 539 718 741 837
394 396 454 474 518 614 694 727 765 867 920 933
395 473 491 600 995
396 446 462 632 806 927
397 445 499 513 588 990
398 462 533 688 744 804 862 920 945
399 455 457 713 791 842 923 973
400 613 754
401 419 687 727 731
402 552 749 801 807
403 432 720 788 860 863
404 513 726 729 828 880 892 958 991
405 619 673 766 776
406 749 863
407 437 563 693 831 858 886 903 914
408 653 695 761 886 956 978
409 795 806 911 927 977
410 421 595 613 668 721 978
411 453 521 622 687 782 921 939 971
412 519 598 624 644 737 862 886 902 911 955
413 446 464 522 523 679 884
414 454 703 944
415 749 902
416 438 522 679 875 905
417 477 559 571 684 702 725 977
418 428 464 476 489 529 599 747 759 772 865 922 928
419 570 643 678 699 739 758 762
420 469 490 495 541 721 753 754 758 832 893 952 955
421 472 474 630 672 751 775
422 586 629 712 843 950 963
423 595 640 780 870 879 934
424 527 587 619 673
425 456 536 558 582 645 668 774 777 828 885
426 432 470 478 515 577 747 934
427 457 512 593 641 642 697 836 853 911
428 530 664 849 916 957
429 484 598 798 955
430 453 469 831 891 967 972
431 600 603 609 692 755 815 901
432 490 515 518 631 678 704 706 930 987
433 614 621 709 835 949
434 490 508 533 542 604 666 937 965
435 674 711 771 923 930
436 486 593 603 653 671 712 781 821 886
437 448 464 490 699 737 795 801 913
438 454 549 559 679 817 839
439 458 638 659 696 735 814
440 689 717
441 510 568 768 950
442 549 562 719 764 784 937
443 502 515 674 685 844 953 972
444 468 482 575 635 639 717 728 732
445 581 583 705 788 955
446 752 906
447 564 703 731 764 879 956 978
448 534 564 913
449 485 645 658 724 756
450 466 488 510 563 724 907 926
451 480 487 675 751 897 980
452 510 636 660 719 843
453 473 568 630 830 987 991
454 532 576 762
455 494 586 637 641 830 844 919 951
456 515 775 982
457 466 596 654 714 735 763 936
458 467 608 693 695 877
459 508 680 784 868 934
460 519 558 723 725 770 939
461 479 526 626 690 889
462 469 537 583 626 643 680 769 837 980
463 518 793 962 966 980 981
464 622 736 752 779 893 971
465 627 792 983 984
466 806 910 933
467 629 774 940 964
468 638 692 716 887
469 611 723 853 859 866
470 486 592 742 775
471 863 921
472 645 653 753 757 761 870 873 901 956
473 564 732 743 746 767 886
474 646 753 777
475 709 903
476 523 526 603 741 846 879 880 886 964
477 549 576 636 704
478 528 638 660 678 723 850 888
479 549 814 833 986
480 624 648 798 893 925 992
481 651 665 729 768 855 856 889 907
482 536 554 592 726 813
483 524 609 625 674 793 794
484 614 676 840 928
485 896
486 644 713 808 974
487 513 533 879 885
488 512 581 630 724 748 758 784
489 851 886
490 722 736 806 821 995
491 549 613 641 647
492 559 611 772 812 814
493 536 690 738 752 774 853
494 495 506 558 636 711 777
495 554 625
496 622 666 832 949
497 506 652 729 768 826 832 898 949 954
498 760 950
499 672
500 606 653 666 699
501 506 539 556 595 654 818 884 961
502 636 660 715 766 852 909
503 564 606 725 737 843 918 926
504 900 986
505 694
506 628 776 848 865 922 929 991
507 511 537 580 595 621 688 754 892 922 954 979
508 638 644 647 682 806 835 988
509 733 796 981
510 535 638 696 847 896
511 669 704 765
512 718 728 767 833 843
513 536 547 576 627 702 822 837 906 950
514 523 546 646 661 671 695 711 719 946 992 998
515 549 604 668 814 884 914 952
516 561 680 696 749 816 841 845 875 915 919 932
517 624 761 823 931 961 991
518 551 571 799 869 957 964
519 936 960
520 625 769 898
521 590 626 658 680 863 868 971
522 682 749 812
523 587 597 702 746 761 953
524 541 577 585 634 731 972
525 537 733
526 624 676 887 891 949
527 557 582 688 921 961
528 653 716 771 809 835 945
529 681 819 840
530 904
531 535 536 612 690 718 860 869
532 547 566 830
533 620 670 807 940
534 677 794 911 913
535 596 771 850 875
536 542 563 754 793 830 887
537 936 987
538 570 619 686 760 841 951 988
539 762 946
540 620 674 700 767 801
541 551 553 777 911 994
542 650 657
543 544 621 642 661 806 845 904 911
544 855 880 972
545 650 738 779 802 849
546 710 764 782 822
547 573 629 697 717 720 802
548 585 707
549 579 581 616 672 675
550 721 737 900
551 585 627 632 760 957 970
552 679 690 693 752 812 862 991
553 635 757 862
554 572 782 943
555 567 631 782 829 886 888 973
556 803 807 951 990
557 762 847
558 667 809 826
559 616 641
560 675 752
561 636 812 850 906 917 944
562 586 590 616 836 867 927 940 946 963 995
563 572 652 694 935
564 682 770 859 972
565 931 942 969 979
566 622 794 803 843
567 589 642 719 834 875
568 574 706
569 722 846
570 644 835 839
571 622 680 704 793
572 573 780 853 970
573 683 719 790 817 847 931 978
574 953
575 624 765 815
576 591 596 743 792 955
577 578 712 771 793
578 586 614 649 812
579 594 794 822
580 588 631 777 939
581
582 584 602 627 649 831 842 844 911
583 584 897 941
584 603 649 665 767 794 911
585 624 956
586 631 656 668
587 674 693 763 818 915 927
588 675 817 898 902 906 912
589 682 717 772 829 906 949
590 872 912 967
591 780 832 849
592 616 686 782 905 911
593 605 857 990 992
594 604
595 646 663 670 695 707 745 749 753 874 986
596 668 673 720 735 801 859 984
597 715 731 898 899 909
598 824 923
599 636 742 811 819 855
600 610 772 793 811
601 727 734 894 896
602 745 804 869 926 972
603 764
604 620 634 791 865
605 663 706 781 809 909 993
606 761 855 953
607 610 652 705 730 732 920
608 625 669 676
609 691 820 822 829 901
610 670 701 926 961 976
611 655 873 926
612 636 696 732 768 953
613 732 780 815 874 958
614 944
615 638 677 685 919
616 824 840 921
617 759 955 978 988
618 628 758 874 887
619 673 768 786 832 886
620 658 705 975
621 653 851
622 634 779 799 882 937 944 950
623 855 926
624 678 733 782 813 816 867 922 961
625 646 662 763 789 911 933
626 666 840 843 890 970 976 986
627 728 837 840 864 905
628 657 726 746 828 983
629 721 939 972
630 649 679 708
631 667 779 787 848 892
632 654 831 846
633 634 729 863
634 947
635 758 834 914 943 973
636 650 777 942 993
637 681 747 832 876 892 908 917 920
638 707 832 905 955
639 722 761 804
640 754 813
641 649 711 838 894 918
642 751 937
643 685 945
644 645 747 923
645 735 744 926 981 999
646 833 908 924 963
647 755 772 777
648 715 761 883
649 757 810 924
650 651 714 884
651 763 811
652 674 835 924
653 659 731 791 894
654 966
655 657 784 814 993
656 658 690 749 800 977
657 797
658 738 785 802 810
659 848 935
660 697 701 853 885 917
661 746 873 886
662 762 997
663 692 759 762 811 859 917
664 694 740 768 887
665 707 733 760 865 925
666 838
667 681 825 846 894 931 996
668
669 703 875
670 948
671 682 825 847
672 744 834
673 849 855 965 977
674 790 935 946
675 732
676 828
677
678 802 831 946 978
679
680 749 787 931
681 781 895
682 713
683 688 771 778 935
684 692 923
685 847 870 960
686 875 996
687 792 867 930
688 829
689 779 900
690 712 714 909 954
691
692 866 897 989
693 696 839 985
694 819 904
695 860 863 886 899 969
696 726 737 830 928
697 763 811
698 720 723 742 756
699 716 801 834
700 805 821
701 709 727 894
702 731 741 822 885 997
703 747
704 719 813 875 907 992
705 766 881
706 790 865
707 871 873 884 977
708 848 921 948 988
709 918 967
710 803 824
711 935
712 725 734 858 902 968 998
713 727 941 969
714 750
715 858 878
716 729 743 849 883
717 745 781 802 817 836 892 905 989
718 734 975
719 753 804 815 838 935
720 724 991
721 757 819 855 921
722 736 833 926
723 764 810 823 886
724 877
725 897 933
726 762 880 999
727
728
729 832
730 757 809
731 799 916
732 880 913
733 847 931
734 764
735 782 792 865 940
736 870 930 961
737 755 853
738 809 989
739
740 858 898 927
741 896 898 964 968
742 795 880 927 935 956 965 992
743 953 972
744 967 995
745 967 984
746 793 907
747 755 994
748 856 907 940
749 777 908 912 928
750
751 867
752 768 790 809 844 896 916
753 804
754 777 958
755 796 799 840 891
756 957
757 889 906
758 765 813 937 975
759
760 770 905
761 896 911 958 974
762 811
763 789 814 897
764 765 852 894
765 774 927 985 996
766 785 913 975
767 803
768 810 839 849 905 928 992
769 776 788 866 871 977
770 826 827 957
771 786 792 801 881
772 880
773 832 994
774 802 893 917 936
775 849 924
776 928 944
777 792 802 945 950
778 808 820 874 902 940 957 958 973 978
779 998
780 791 831 989
781 889 904 938 950
782 852
783 904 977
784 915 982
785 974
786 806 844 874 876 935
787 828 880
788 959
789 852 991
790
791 884 973
792 869 892 910
793 803
794 854 923 992
795 895
796
797 860 863 920 939
798
799 813 924
800 941 990
801 874 998
802 877 985
803 894 933
804 881
805 898 936 967 968
806 833 992
807 844 872 893
808
809 883 928 977
810 871 994
811
812 913
813 908
814 969 972
815 876 883 925 976
816 822 837 878 963 982
817 937
818 879 886 978
819 954 970
820
821 830 855 998
822 925 988
823 974
824 918 943 962 981
825 847 922 975
826 852 856 909 959
827 831 862 944
828 890 913
829 848 955
830 917 976
831 846 969
832 850 940
833 837 875
834 901
835 924
836 986
837 846
838 869 923
839 916 922 927 958
840 986
841 878 973
842 869 897
843 854
844 859 886 913 965 966
845 918
846 918 949 964
847 926
848
849 935 976
850 873 877 908
851
852 857
853 958
854
855 867 967 994
856 863 868 955
857 915
858
859 864 923
860
861 921 983
862 894 958 988
863 864 921
864 867 894 899 936
865
866 896
867
868 888 923 947
869
870 893 910 947
871 886 912 916 947 975
872 910 925 955
873 960
874 880 913
875 945
876 982
877 918 984 988
878 879 943 958 971
879
880 892 900
881 971 992
882 894 919
883 970
884
885 931 966 982
886
887
888 919
889 890 895
890
891 927 959
892 909
893 984
894 919 930
895 896
896 947 994
897 906 979
898 924 979
899
900 998
901
902 985
903 986
904 914
905
906 966 982 993
907 961 969 985
908
909 949 956
910 929 941
911
912
913
914 928
915 935 985
916
917
918 966 971
919
920 929
921 925 991
922 965
923 925
924
925 934
926 949 979
927
928 975
929 973 981 985
930 934 951
931
932 987
933 955
934
935
936 968
937
938
939
940
941
942 987
943 996
944
945
946
947
948
949 990
950
951 973
952
953 970
954
955
956 963 973
957
958
959 968
960 987
961
962 999
963
964
965
966
967 980 997
968
969 981
970
971
972
973
974
975 978
976 996
977
978
979
980
981
982
983
984
985
986
987
988
989
990 994
991
992
993
994
995
996
997
998
999
