#c:\Users\Matin\Documents\TMLN\venv\Lib\site-packages\ipykernel_launcher.py --f=c:\Users\Matin\AppData\Roaming\jupyter\runtime\kernel-v368ec88437f14a79eabfde95891908be3456afb8b.json
# GMT Wed Jun  4 10:52:46 2025
# 
0 7 19 20 67 68 135
1 78 128
2 59 74 75 90 177
3 4 83 139 156 178
4 24 41 143 163 182
5 43 116 133 175 190
6 40 80 129 137 150 157 178
7 26 95 124 173
8 68 120 133 135 142 159 174
9 74 82 91 94 96 99 123 125 183
10 28 122 131 161
11 34 64 155 193
12 59 64 77 128 138 151 162 183 184 185
13 20 40 143 160 165 169 177 182
14 18 20 47 67 76 78 125 144
15 16 41 81 112 151
16 49 61 131
17 39 57 133 163 184
18 28 58 118 165 174
19 27 74 90 157 160
20 80 95 160
21 82 109 113 136 183
22 44 52 137
23 36 141 153
24 79 112 194 198
25 30 32 78 126 143
26 39 49 63 132 141
27 44 108 148
28 88 91 185
29 50 97 122 134 142 149
30 65 72 89 130 132 150 155 173 179 184 186
31 55 81 104 129 137 145 179
32
33 91 108 118 133 182
34 46 118 190
35 36 61 80 153 161
36 127 143 171
37 63 132 186
38 59 68 86 157
39 46 84 132 169 183 190
40 52 72 88 137 162 184
41 61 177 199
42 48 61 83 113 136 139
43 115
44 74 95 146 175 186
45 93 142
46 72 73 107 161
47 99 136 154 161 163
48 68 77 105 156
49 131 170 180
50 71 88 120 171 186
51 131 156 162
52 80 83 93
53 109 130 146 178
54 63 124 167
55 85 94 141 167
56 98 103 117 159
57
58 155 158 159
59 66 100 119 132 149 182
60 88 162
61 120
62 81 84 103
63 76 148 157 164 172 176 193
64 70 94 127 138 156
65 105 109 183 190
66 84 146 185
67 78 100 118 155
68 192
69 140 150 187
70 71 107 124 148 177
71 121 147 171
72 73 79 108 121 136
73 81 86 132 134 191
74 110 169
75 77 92 140 172 179 180
76 106 138 182
77 182 197
78 81 102 122 149 186
79 137 153 178
80 154
81 85 93 96 160 161 183 191
82 121 145 151
83 100
84 122 132
85 94 122 134 147 174
86 145 150 156 173
87 170
88 113
89 95 155 177
90 92 187
91 95 104 114 147 182 189
92 95 97 108 117 165 171 172
93 151 155 167 182
94 110 135 142 170 192
95 108 133 144 146 165
96 145 173 176 179 183 192
97 102 116 123
98 99 103 133 182 188
99 128 135 146
100
101 111 117 175
102 153 171 193
103 162 191
104 191
105 133 149 152 173 179 188 189
106 108 117 125 138
107 143 156 161
108 115 138 171 172 192
109 135 139 145 196
110 117 126 198
111 138 141 148 181 196
112 145 153 182
113 159 199
114 155
115
116 120 155 178
117 134 146 158
118 153 173
119 136 160 179
120 195
121 181 182
122
123 147
124 141 144 171
125 127 153
126 127
127 158 169
128 150 163
129 138 199
130 154 166
131 148 161 170 177 190
132 142 151 154 159 160 165 167 190
133 145 158 188
134 170 190
135
136 157
137
138 155 179 185
139 155 194
140 141 162 179
141
142 189 194
143 159
144 172 176
145 175
146 164 183 193
147 160 163 173
148
149 178
150 175
151 197
152 173 187
153 186
154 157 171 185 193
155 158 166
156 162
157 171 184
158 164 182
159 193 194
160 178
161 164 172
162
163 173 191
164 166 186
165
166
167 176 187 198
168
169 176 188 192
170 188
171 195
172
173 183
174
175 180 198
176
177
178 189 192 196
179 195
180 186
181
182
183
184 189
185 189 196
186
187 188 194
188 190 196 198
189
190 199
191
192
193
194
195 196
196
197
198
199
