#c:\Users\Matin\Documents\TMLN\venv\Lib\site-packages\ipykernel_launcher.py --f=c:\Users\Matin\AppData\Roaming\jupyter\runtime\kernel-v368ec88437f14a79eabfde95891908be3456afb8b.json
# GMT Wed Jun  4 11:22:35 2025
# 
0 1 999 2 998
1 2 3 999
2 3 4 517
3 4 5
4 5 6 233
5 6 7 637
6 7 8 584
7 9 626
8 10 691 955
9 10 11
10 11 12
11 12 13 363 423
12 13 14
13 15 772
14 15 16
15 16 17
16 17 18
17 18 19
18 19 20
19 20 21
20 21 22
21 22 23
22 23 24
23 24 25
24 25 26
25 26 27
26 27 28
27 28 29
28 29 30
29 30 31
30 32 558
31 32 33
32 33 34
33 34 35
34 35 36
35 36 37
36 37 38 62
37 38 39
38 40 94
39 40 846
40 41 42
41 42 43
42 43 765 605
43 44 45
44 45 46
45 46 47
46 48 273
47 48 49
48 49 50
49 50 51
50 51 52
51 52 53
52 53 54
53 54 55
54 55 790
55 56 57
56 57 58 697
57 58 59
58 59 60
59 60 61
60 61 62
61 62 63
62 64
63 64 65 344
64 65 299 681
65 67 937
66 67 68
67 68 69
68 69 70 467 372
69 70 71 228
70 72 272
71 72 73 382
72 74 368
73 74 75
74 75 76
75 76 77
76 77 78
77 78 79
78 981 380
79 80 81
80 81 288 289
81 82 83
82 83 84
83 85 153
84 85 86
85 86 87 412
86 87 88 460
87 88 89
88 89 90
89 90 91 463
90 91 92
91 92 93
92 93 94
93 94 95 437
94 95 96
95 96 460
96 98 730
97 98 99
98 99 100 495
99 100 101
100 101 102
101 102 103
102 103 104
103 104 105
104 105 106
105 106 107
106 107 108
107 108 109
108 109 110
109 110 111
110 111 112
111 112 113
112 113 114
113 114 115
114 115 116
115 116 117
116 117 118
117 118 119
118 119 120
119 120 121
120 121 122
121 122 123
122 123 124 872 396
123 124 125
124 125 126
125 126 127
126 127 903
127 128 129 994
128 129 130 507
129 130 131
130 131 132 814
131 132 818
132 133 134
133 134 135 479
134 135 136
135 136 137
136 137 138
137 139 994
138 139 140
139 815 215
140 141 142
141 142 143
142 143 144
143 145 830
144 146 611 884
145 147 859
146 147 148 610
147 148 149 805
148 149 150
149 150 151 651
150 152 180
151 152 153
152 153 154
153 813 935
154 155 156
155 156 157
156 157 158
157 158 159
158 159 160
159 160 161 370
160 161 162
161 162 163
162 163 164
163 164 165
164 165 166
165 166 167
166 167 168
167 168 264
168 169 170
169 170 171 742
170 171 172
171 172 173
172 173 174
173 174 175
174 175 176
175 176 177
176 177 178
177 178 179
178 179 180
179 180 181
180 181 182
181 182 183
182 183 184
183 184 185 356
184 185 186
185 186 187
186 187 188
187 188 189
188 189 190
189 190 191
190 191 745
191 193 948
192 193 194
193 194 195
194 195 196
195 196 775
196 197 198
197 198 199
198 199 200
199 200 201
200 201 202 935 874
201 202 203
202 203 204
203 204 205 491
204 205 206
205 206 207
206 207 208 773
207 208 209
208 209 210
209 210 221
210 211 212
211 213 535
212 213 214
213 215 292
214 215 216
215 216 217
216 217 218
217 971 371
218 219 220
219 220 221
220 221 222
221 222 902
222 223 224
223 224 225
224 225 839
225 226 227 375
226 227 228
227 228 229 340
228 229
229 230 726 501
230 231 232
231 232 233
232 233 234
233 235
234 235 236
235 236 237
236 238 837 247
237 238 239
238 239 240
239 240 241 309
240 241 242
241 242 243 523
242 243 244
243 244 245
244 245 246
245 246 247
246 247 248
247 248
248 249 250 653 726
249 250 251
250 251 252
251 252 253
252 253 254
253 254 255
254 255 256 701
255 256 257
256 257 258 970
257 258 259
258 259 910
259 260 261
260 261 262
261 262 263
262 263 264
263 264 265
264 265 266
265 266 267
266 267 268
267 268 269
268 269 270
269 271 687
270 271 272
271 272 273
272 273 274
273 274 484
274 275 276
275 276 277
276 277 278
277 278 279
278 279 280
279 280 281
280 281 282
281 282 283
282 283 284
283 284 285
284 285 895
285 286 631
286 287 288
287 288 289 294
288 290
289 290 338
290 291 292
291 292 293
292 293 294
293 294 295
294 295
295 297 917 346
296 297 298
297 298 299
298 299 300
299 597
300 301 302
301 302 303
302 303 304
303 304 305
304 305 306 789
305 306 307
306 307 308
307 308 309
308 309 310
309 310 590
310 311 312
311 312 313 862
312 314 705 785
313 314 315
314 315 316
315 316 317
316 317 318
317 318 319
318 319 320
319 320 321
320 321 322
321 322 323
322 323 324
323 324 325
324 325 326 376
325 326 327 630
326 327 328
327 328 329
328 329 330 643
329 330 331
330 331 332
331 332 333
332 333 334
333 334 335 449
334 335 336
335 336 337
336 337 338 788
337 338 339
338 339 340
339 340 341
340 691
341 342 343
342 343 709
343 344 345
344 346
345 346 347
346 347
347 348 349
348 349 350 963
349 350 869
350 351 352
351 352 353
352 353 354
353 355 692
354 355 356
355 356 357
356 357
357 358 359
358 359 360 729
359 360 361 478
360 361 362
361 362 363
362 363 364
363 364
364 365 366
365 366 367
366 367 368
367 368 369
368 369 370
369 370 371
370 372
371 372 598
372 373
373 374 375
374 375 376
375 377
376 378
377 378 379
378 379 380
379 380 381
380 381 382
381 382 383
382 383
383 384 385
384 386 707
385 386 387
386 387 388
387 388 389
388 389 390
389 390 391
390 391 392
391 392 393 610 743
392 393 394
393 394 568 502
394 395 396
395 396 397
396 397
397 398 399
398 399 400 759
399 400 401
400 402 540
401 402 403
402 403 404
403 404 405
404 405 706
405 406 407
406 407 408
407 408 409
408 409 410
409 410 411
410 411 412
411 412 413
412 413
413 414 415
414 415 416
415 416 417
416 417 418
417 418 419 660
418 419 420
419 420 421
420 421 422 531
421 422 423 704
422 423 424
423 424
424 425 426
425 426 427
426 427 428
427 428 429
428 429 430
429 430 431
430 431 635
431 432 433
432 433 434
433 434 435
434 987 600 817
435 436 437
436 437 438
437 439
438 439 440
439 440 441
440 441 442
441 442 443
442 443 444
443 444 445
444 445 446
445 446 447
446 447 448
447 448 449
448 449 450
449 450
450 451 452
451 452 453 926
452 453 454
453 454 455
454 455 456
455 456 504
456 457 585
457 458 459
458 459 460
459 460 690
460 462
461 463 760
462 463 464
463 465
464 465 466
465 466 467
466 467 468 716
467 469
468 469 470
469 470 471
470 471 472
471 472 473
472 473 474
473 474 475
474 475 987
475 476 477
476 477 478
477 478 479
478 480
479 481
480 481 482
481 483 808 575
482 483 484
483 484 914
484 485 486
485 486 487
486 487 488
487 488 489
488 489 490
489 490 491
490 491 492
491 493
492 493 494
493 494 495
494 495 496
495 496
496 497 498
497 498 499
498 500 607
499 500 501
500 501 502
501 502 545
502 503
503 504 505
504 505 506
505 506 507
506 507 508
507 509
508 509 510
509 510 511
510 511 512
511 512 513
512 513 514
513 514 515
514 515 516
515 516 517 842
516 517 518
517 518
518 520 539
519 520 521
520 521 741 823
521 522 523
522 523 524
523 525
524 525 526
525 526 527
526 527 528
527 528 529 832
528 529 530 562
529 530 531
530 531 532
531 533
532 533 534
533 534 535
534 535 536
535 536 537
536 537 992
537 538 539 899
538 539 540
539 540 541
540 541 804
541 542 543
542 543 544
543 544 545
544 545 546
545 547
546 547 548
547 548 549 961
548 549 550
549 550 551
550 551 552 844
551 552 553
552 554 565
553 554 555
554 555 556
555 556 557
556 557 558
557 559 605
558 559 560
559 560 785
560 561 562
561 562 563
562 563
563 564 565
564 565 566
565 566 567
566 567 568
567 568 569
568 569 570
569 570 571 779
570 571 572
571 572 573
572 573 574
573 574 575 763
574 575 576 628
575 576
576 577 603
577 578 579
578 579 580
579 580 581
580 581 582
581 582 583
582 583 584
583 584 585
584 585
585 586 587
586 587 588
587 588 589
588 589 590
589 590 591 912
590 591
591 592 593
592 593 594
593 594 595
594 595 596
595 596 597
596 597 598
597 598 599
598 599 600
599 600 601
600 602
601 602 603
602 603 604
603 604 605
604 605 606
605 606
606 607 608
607 608 609
608 609 610
609 610 611
610
611 612 888
612 613 614
613 614 615
614 615 616
615 616 617
616 617 618
617 618 619
618 619 620
619 620 621
620 621 622
621 622 623
622 623 624
623 624 625
624 625 626
625 626 627
626 627 628
627 628 629
628 630
629 630 631
630 632
631 632 633
632 633 634
633 634 635
634 635 636
635 636 637
636 637 638
637 638
638 639 640
639 640 641
640 641 642
641 643 677
642 643 644
643 645
644 645 646
645 646 647
646 647 648
647 648 649
648 649 650
649 650 651 966
650 651 652
651 652
652 653 654
653 655
654 655 656
655 656 657
656 657 658
657 658 659
658 659 660 778
659 660 661
660 661
661 662 663
662 663 664
663 664 665
664 665 666
665 666 927
666 667 668
667 668 669
668 669 670
669 670 671
670 671 672
671 672 732
672 673 674
673 674 675
674 675 676
675 676 677
676 677 678
677 678 679
678 679 680
679 680 681
680 682 988
681 682 683
682 683 684
683 684 685 950
684 685 686
685 686 687
686 687 688 811
687 688 689
688 689 690
689 690 691
690 691 692
691 692 693
692 693 694
693 694 695
694 695 696
695 696 697
696 697 698
697 698
698 699 700
699 700 701
700 701 702
701 702
702 703 704
703 704 705
704 706
705 706 707
706 707 708
707 708 709
708 709 710
709 710 711
710 711 712
711 712 713
712 713 714
713 714 715
714 715 716
715 716 717
716 718
717 718 719
718 719 720
719 720 721
720 721 722
721 722 723
722 723 724
723 725 981
724 725 726
725 726 727
726 727
727 728 729
728 729 730
729 730
730 731 732
731 732 733
732 733 734 952
733 734 735
734 735 736
735 736 737
736 737 738
737 739 794
738 739 740
739 740 741
740 741 742
741 742 743
742 744
743 744
744 745 746
745 746 747
746 747 748
747 748 749
748 749 750
749 750 751
750 751 752
751 752 753
752 753 754
753 755 760
754 755 756
755 756 757
756 758 984
757 758 759
758 759 760
759 761
760 761 762
761 762 763
762 763 764
763 764
764 765 766
765 766 767
766 767 768
767 768 769
768 769 770
769 770 771
770 771 772
771 772 773
772 773 774
773 775
774 775 776
775 776 777
776 777 778
777 778 779
778 779
779 780
780 781 782
781 782 783
782 783 784
783 784 785
784 785 786
785 786
786 787 788
787 788 789
788 790
789 790
790 791 792
791 792 793
792 793 794
793 794 795
794 795 796
795 796 797
796 797 798
797 798 799
798 799 800
799 800 801
800 801 802
801 802 803
802 803 804
803 804 805
804 805 806
805 807
806 807 808
807 808 809
808 809 810
809 810 823
810 811 812
811 812 967
812 813 814
813 814 815
814 815
815 816 817
816 817 818
817 818 819
818 819 820
819 820 970
820 821 822
821 822 823
822 824 831
823 824
824 825 826
825 826 827
826 827 828
827 828 829
828 829 830
829 830 831
830 831 832
831 832 833
832 834
833 834 835
834 835 836
835 836 837
836 837 838
837 838 839
838 839 840
839 840 841
840 841 842
841 842 843
842 843
843 844 845
844 846
845 846 847
846 847 848
847 848 849
848 849 850
849 850 851
850 851 852
851 852 853
852 853 854
853 854 855
854 855 856
855 856 857
856 857 858
857 858 859
858 859 860
859 860 861
860 861 862
861 862 863
862 863
863 864 865
864 865 866
865 866 867
866 867 868
867 868 869
868 869 870
869 870 871
870 871 872
871 872 873
872 874
873 874 875
874 985
875 876 877
876 878 986
877 878 879
878 879 880
879 880 881
880 881 882
881 882 883
882 883 884
883 884 885
884 886
885 886 887
886 887 888
887 888 889
888 889 890
889 890 891
890 976 995
891 892 893
892 893 894
893 894 895
894 896 934
895 896 897
896 897 898
897 898 899
898 899 900
899 901
900 901 902
901 902 903
902 903 904
903 904 905
904 905 906
905 906 945
906 907 908
907 908 909
908 909 910
909 910 911 959
910 911 912
911 912 913
912 913
913 914 915
914 915 916
915 916 917
916 917 918
917 918 919
918 919 920
919 920 921
920 921 922
921 922 923
922 923 924
923 924 925
924 925 926
925 926 927
926 928
927 928 929
928 929 930
929 930 931
930 931 932
931 932 933
932 933 934
933 934 935
934 935 936
935 937
936 937 938
937 938 939
938 939 940
939 940 941
940 941 942
941 942 943
942 943 944
943 944 945
944 945 946
945 946 947
946 947 948
947 948 949
948 949 950
949 950 951
950 952
951 952 953
952 953
953 954 955
954 955 956
955 957
956 957 958
957 958 959
958 959 960
959 961
960 961 962
961 963
962 963 964
963 964
964 965 966
965 966 967
966 967
967 969
968 969 970
969 970 971
970 971
971 972 973
972 973 974
973 974 975
974 975 976
975 976 977
976 977 978
977 978 979
978 979 980
979 980 981
980 981 982
981 982 983
982 983 984
983 984 985
984 985 986
985 986 987
986 987 988
987 988 989
988 989 990
989 990 991
990 991 992
991 992 993
992 993 994
993 994 995
994 996
995 996 997
996 997 998
997 998 999
998 999
999
